Salon_Postavljen = 1
Salon_Ime = Salon nije zavrsen
Salon_X = 2112.909423
Salon_y = -1342.443603
Salon_Z = 24.008737
Salon_SVX = 2132.224609
Salon_SVY = -1362.062744
Salon_SVZ = 23.550743
Salon_SVA = 0.000000
Model_1 = 522
Model_2 = 461
Model_3 = 462
Model_4 = 463
Model_5 = 468
Model_6 = 471
Model_7 = 521
Model_8 = 581
Model_9 = 586
Model_10 = 0
Model_11 = 0
Model_12 = 0
Model_13 = 0
Model_14 = 0
Model_15 = 0
Cena_1 = 900000
Cena_2 = 450000
Cena_3 = 100000
Cena_4 = 250000
Cena_5 = 400000
Cena_6 = 250000
Cena_7 = 600000
Cena_8 = 400000
Cena_9 = 150000
Cena_10 = 0
Cena_11 = 0
Cena_12 = 0
Cena_13 = 0
Cena_14 = 0
Cena_15 = 0
ModelaMax_1 = 5
ModelaMax_2 = 5
ModelaMax_3 = 5
ModelaMax_4 = 5
ModelaMax_5 = 5
ModelaMax_6 = 5
ModelaMax_7 = 5
ModelaMax_8 = 5
ModelaMax_9 = 5
ModelaMax_10 = 0
ModelaMax_11 = 0
ModelaMax_12 = 0
ModelaMax_13 = 0
ModelaMax_14 = 0
ModelaMax_15 = 0
                                    