Name = ======== Organizacije ========
PosX = 1531.514770
PosY = -1675.085083
PosZ = 13.382812
                                    