csrwLevelAward = 1000
csrwGlobalWar = true
csrwFactionWar = true
csrwStartLevel = 2
csrwStartMoney = 50000
cstaffAdminSpawnX = 1877.007934
cstaffAdminSpawnY = -1701.002441
cstaffAdminSpawnZ = 13.420599
cstaffAdminSpawnA = 0.000000
cstaffSuppSpawnX = 1877.007934
cstaffSuppSpawnY = -1701.002441
cstaffSuppSpawnZ = 13.420599
cstaffSuppSpawnA = 0.000000
                                                                                                                                                